$ANSIBLE_VAULT;1.1;AES256
38336664353836626466623965323833396662326664326538303066323963393266396539633963
3764646461356430336265353462323062323534333536630a653761346634653836643663353562
36393466336430333232613534356165636164373135326632656530643035653665643162343539
6537633739336535300a303261333934653637343366653137373730303236356461326361613362
64666365393630303865313063323833336338663039356365366530313037396131376237396135
32356433653130613534363462623063623862666264323632393639663832373333363861363364
38303133653165343035353562646533323638396439646630363733616465623762326239323535
37386337386363633431323735626133363064613632653133656233376232313930336464626530
31343335646437316430343836363432363939393938303835666466343933633632303233633661
32663966623966663061613632363861343135313165386133653035623438623161303464666632
63663463376261666537393366396462353632346436336230643562383131303538303638326537
39656135656139343536303138393434376531303264636236336334316162663732373831666362
61386164366266326532623165383830633164646631393333663037303438636334326533363437
32663964623163346139616633316432303664396435353830613437393864316466363434653461
36326361313465666135353634323333633365323263663666663132393061396534346431616161
37383033623232373633616535363961363138306333646364353737646261396433383136386238
31653635383734316631663136363263613264373431313562646662303935396661306539616132
30356539326431666237326530346664373363653132303835336639353138323430623232616236
37623835616439363030613665306534613234643334636462303761356239626430373330386532
62646131653864663162636161393766343839373635356466303432303465323065333931336639
30313165373034323763363364353031313231333331623431303633346238643034316263303235
64356639393630656339386533363366333331633035336430363035346131623763393131306638
61313634626566633735363664633832353133663265326633313966353930366361656231623937
64316133353765323865346233336361356564326466653266363031326164326437626537653963
33646532313838666637323837653831653864633365376637636137336463643366343461346361
66633430623963303461626635616137376435636639363936636333383361633432323663393263
32356162393365346637633436666662663636633131393235613230333261353662376337396539
34323635626631313863373665633036343130376661323261383434653638336461356636383063
62323037616337313239333365343438353037623335373434363237663433356163613031313038
66646261333431663237643631363961386465613539323662353835643637386162316436333430
62343831653935643231643136616334333039643063663864376161383133623461646566333461
30626366336338313436653031633962643630303666666132303936613530396665636662333164
62613630303332653838336332346632633236316565356537353330343433373563646630616362
35336434323766323066633736376435323764613239646666333038363737323064303633656263
39326163313133653632396633663432316362366263666233666365373531663134343537643934
39306135333462383432343832643736323236396439323966666231373037343533633531623537
33376235373963623131326232616630316634626266353538613834316564373162346565313337
63303834386363643634393265623930363838363532653966376531306232663063636661303662
61393464316135356237393836383764643536396164616434643335626538363230663637626365
36336464333964336432643330333234363531383766633430383563326333363163326163323565
35323530386462356532343435323831303165393164353030353938636465643166633263333439
61373361393839396363313066633535663639326266636538643462333933653832643631336434
31303939643033663061633030336439316563313832353762333233306662616237666639306663
35353166363763626536353631663039393061623033646430303361396637303463353066663838
66616238646462616332633533333636303235336431636138326131646632616137386230633163
38343431393138363331323533666364653439343539313963616334346336363931613435306434
65613236376535363662363832313035363166646463643434633165333439636135376338313230
36613938663232653630653530663664363230353662336662303833373964383738386666306565
36336530363865323564626462306539323130663762306165643432323666393764393134643961
30363563366436343137383639646463316466343036306466306264303565303237386437336265
65653434356335636165326334663634313137356638323065333762366566633733333635363031
30613235326337363637363033323965353838633062336439623762323531343331633263643131
63386139306364663430346535653561316339336138313636363130306337646638396636636265
61356239373633313434383561623432623638326365663234373836363863376133396233616565
32626133363832656166383633393832633035303131376338613230623738383366623837323032
32383537666133356233633934373639616533333834313939356166316165656238623032646566
30326264393233616165346231386263636165306437346138653738356133313962383434656634
36643533636261383536653065323730633831663039316163396230633862343732313533333036
36346363613333653032313037333331386366626665383732373366303666396533366336373030
62303936636534356235333566633963376465386433373438396639373431616666313233303531
63336265343835383665396332626332323534356337613064643531613165666135396434343034
65653530343932636332316532313864636637653735363564393737653163626232356138356661
62356638613266643839306266623561663562306133386338396239306232396331373035343366
65333237323939636331373938353161383235613266336635316535326237393761633533336461
35623532666331653766653639646338303337653564353663373139303563613532383661626462
37353130313237646239346630653064396566613237363161356235383661663230373837333962
37363637346136393461353763613137663034393866633534353332366566303731343862343361
37636166323764306230373630666366346361656265343539643735386161646663333363386235
31623936373935643638383437366530356166376263326639623633666233353961353739313432
38393635656135353865336463306566633465366161636532333036626166363838346165636639
37316531393534393562613063643939313464323833356438646132653564303338373963646235
37303864643061656462663335383038303438333465353935396437306561376338613666336334
66393362303431313734383862333963326362346533393865336164343837303638313033323934
62366537386263323230396335643337333861343436393563646564393632336466366337376366
61353262656137366536366464643662343436613264306664393837356663316661376263353838
32326264616161613032383466623239313430346533346336386565323262643734646433363637
35353161313835613636633933343532666234396333623863623336383531306266616235346532
35313734633632333239653233303563373232356461326332636262373162326262366437353162
37626132663733373466613864343736663838666236313030623934316635376235383162663435
63666161383166643439653366346331396364306238306563663036323639363333626331346630
64353631343036663764636635623464363233393538613638396131373532343239646439303966
35323037666130316337386138653065366231373130366138346266393038656331623465353233
66613162336666643962323231666434346163353738653236336666663737316236383832326662
30303030323834383939356233646430363865396633343166313939353263653866663366373632
61373039323234346565633435633338623034326431383166323738623136386338316537306432
38313063363832633337313830303932303261336561616232343537336466323132646232316361
32386630626237633464623264306336386632353965356264353730316630383166613333353465
30626636623536383238
